-0.3133915979876573,-0.6566232307727121,-0.49209954197892414,5.69508046279364,1.5507386360046622,3.86833556643302
-0.6699268022835786,1.253647975687899,1.6228214428339316,0.19936087161127222,0.44813788150640316,0.46023775904420994
-0.6699268022835786,1.253647975687899,1.6228214428339316,0.19936087161127222,0.44813788150640316,0.46023775904420994
-0.6699268022835786,1.253647975687899,0.32133160602602034,0.19936087161127222,0.44813788150640316,-0.1077785421872584
-0.6810685274178261,1.253647975687899,1.6228214428339316,0.9844636703516104,0.44813788150640316,0.46023775904420994
-0.6922102525520737,3.2270686435191087,1.6228214428339316,0.9844636703516104,1.5507386360046622,0.46023775904420994
-0.6922102525520737,3.2270686435191087,4.2258011164497535,0.9844636703516104,1.5507386360046622,0.46023775904420994
-0.6922102525520737,7.173909979181529,4.2258011164497535,2.5546692678322866,3.7559401450011802,1.5962703615071467
0.7079332059850337,-0.4730951086644096,-0.7361288863804075,-0.5857419271290659,-0.5166377786795735,-0.6047928057647932
0.7079332059850337,-0.5934737694021134,-0.6954573289801603,-0.48760407728652366,-0.5166377786795735,-0.4627887304569261
0.5222377870809081,-0.7039853268006612,-0.9749522714346592,-0.5857419271290659,-0.5166377786795735,-0.5337907681108597
-0.034848469631468836,-0.5934737694021134,0.32133160602602034,-0.5857419271290659,-0.10316249574272633,0.46023775904420994
-0.24654124718217207,-0.4730951086644096,-0.8174720011809019,-0.5857419271290659,0.034662598569556044,-0.1077785421872584
-0.369100223658895,0.5136152252511953,-0.5734426567794186,2.898151742281185,0.44813788150640316,1.5962703615071467
-0.24654124718217207,0.044927816641282974,-0.47583091901882524,-0.5857419271290659,0.034662598569556044,0.0342255331206087
-0.369100223658895,0.044927816641282974,-0.47583091901882524,-0.5857419271290659,0.1724876928818384,1.5962703615071467
0.41082053573843275,-0.6881979614580115,-0.49209954197892414,-0.5857419271290659,-0.5166377786795735,-0.24978261749512548
0.41082053573843275,-0.6566232307727121,-0.49209954197892414,-0.5857419271290659,-0.5166377786795735,-0.4627887304569261
0.41082053573843275,-0.6566232307727121,-0.5734426567794186,-0.48760407728652366,-0.5166377786795735,-0.4627887304569261
-0.6847824357959086,-0.3966250577859502,-0.7670392700045954,2.6282726552141935,0.9994382587555327,0.1762296084284758
-0.5919347263438458,-0.07347742342858961,-0.127682387672709,0.15029194669000107,0.9994382587555327,0.1762296084284758
-0.5696512760753507,0.5728178452861316,0.7256068865844778,0.15029194669000107,0.9994382587555327,0.1762296084284758
-0.5399400090506906,0.5728178452861316,0.7256068865844778,0.15029194669000107,0.9994382587555327,0.1762296084284758
-0.5919347263438458,-0.5964339004038602,-0.8174720011809019,-0.3894662274439814,-0.5166377786795735,-0.5337907681108597
-0.5919347263438458,-0.4730951086644096,-0.654785771579913,-0.3894662274439814,-0.5166377786795735,-0.49828974928389286
-0.5919347263438458,-0.22641752518550837,-0.32941331237793525,-0.3894662274439814,-0.5166377786795735,-0.49828974928389286
-0.5919347263438458,-0.4730951086644096,-0.654785771579913,-0.3894662274439814,-0.2409875900550087,-0.49828974928389286
-0.5919347263438458,-0.22641752518550837,0.32133160602602034,-0.3894662274439814,-0.2409875900550087,-0.49828974928389286
-0.5919347263438458,-0.22641752518550837,0.32133160602602034,-0.3894662274439814,-0.2409875900550087,-0.4627887304569261
-0.5919347263438458,-0.22641752518550837,0.32133160602602034,-0.3894662274439814,-0.2409875900550087,-0.4627887304569261
-0.2836803309629972,-0.4730951086644096,-0.004040853175957456,-0.36493176498334584,-0.2409875900550087,-0.24978261749512548
2.230635640998864,-0.5934737694021134,-0.9385105560040377,-0.3894662274439814,-0.5166377786795735,-0.64029382459176
2.230635640998864,-0.4730951086644096,-0.5734426567794186,-0.5857419271290659,-0.5166377786795735,-0.64029382459176
0.41082053573843275,-0.5934737694021134,-0.32941331237793525,-0.48760407728652366,-0.5166377786795735,-0.49828974928389286
-0.034848469631468836,-0.5934737694021134,-0.32941331237793525,-0.3894662274439814,-0.5166377786795735,-0.39178669280299255
1.8221057194097876,-0.6250485000874128,-0.32941331237793525,-0.5857419271290659,-0.5166377786795735,-0.64029382459176
1.8221057194097876,-0.6566232307727121,-0.8174720011809019,-0.5857419271290659,-0.5166377786795735,-0.64029382459176
-0.2576829723164196,-0.4730951086644096,0.32133160602602034,-0.19319052775889686,-0.5166377786795735,-0.5692917869378264
-0.034848469631468836,-0.4730951086644096,-0.32941331237793525,-0.5857419271290659,-0.5166377786795735,-0.6047928057647932
-0.369100223658895,-0.4730951086644096,-0.654785771579913,-0.19319052775889686,-0.5166377786795735,-0.6047928057647932
0.039429697930181425,-0.4730951086644096,-0.32941331237793525,-0.19319052775889686,-0.5166377786795735,-0.6047928057647932
2.193496557218039,-0.6566232307727121,-0.32941331237793525,-0.5857419271290659,-0.5166377786795735,-0.5337907681108597
2.193496557218039,-0.6566232307727121,-0.32941331237793525,-0.5857419271290659,-0.5166377786795735,-0.5337907681108597
2.193496557218039,-0.6566232307727121,-0.32941331237793525,-0.5857419271290659,-0.5166377786795735,-0.5337907681108597
2.193496557218039,-0.6566232307727121,-0.32941331237793525,-0.5857419271290659,-0.5166377786795735,-0.5337907681108597
2.193496557218039,-0.6566232307727121,-0.32941331237793525,-0.5857419271290659,-0.5166377786795735,-0.5337907681108597
-0.3133915979876573,-0.5934737694021134,-0.8988151159813964,-0.5857419271290659,0.44813788150640316,0.0342255331206087
-0.499087016891783,-0.22641752518550837,-0.32941331237793525,0.9844636703516104,-0.5166377786795735,0.6732438720060105
-0.499087016891783,-0.22641752518550837,0.32133160602602034,0.9844636703516104,-0.5166377786795735,0.6732438720060105
-0.4433783912205453,-0.6566232307727121,-0.8988151159813964,-0.5857419271290659,-0.2409875900550087,-0.320784655149059
-0.3876697655493076,-0.6566232307727121,-0.8174720011809019,-0.5857419271290659,-0.2409875900550087,-0.320784655149059
-0.3876697655493076,-0.4730951086644096,-0.654785771579913,-0.5857419271290659,-0.2409875900550087,0.1762296084284758
-0.3876697655493076,-0.22641752518550837,-0.654785771579913,-0.3894662274439814,-0.2409875900550087,-0.001275485706358074
-0.499087016891783,-0.22641752518550837,-0.32941331237793525,-0.3894662274439814,-0.2409875900550087,0.1762296084284758
-0.499087016891783,0.020260058293392853,-0.32941331237793525,-0.3894662274439814,-0.2409875900550087,1.0282540602756782
0.33654236817678246,-0.5303243080315146,-0.7361288863804075,-0.5857419271290659,0.1724876928818384,0.1762296084284758
0.33654236817678246,-0.5303243080315146,-0.7361288863804075,-0.43853515236525253,0.1724876928818384,0.1762296084284758
0.33654236817678246,-0.5303243080315146,-0.004040853175957456,-0.43853515236525253,0.1724876928818384,0.1762296084284758
0.33654236817678246,-0.6250485000874128,-0.004040853175957456,-0.43853515236525253,-0.5166377786795735,0.1762296084284758
0.33654236817678246,-0.6724105961153618,-0.9176867186151111,-0.43853515236525253,0.1724876928818384,0.1762296084284758
-0.10912663719311909,-0.5303243080315146,-0.004040853175957456,-0.43853515236525253,-0.5166377786795735,0.42473674021724317
0.44795961951925783,-0.4730951086644096,-0.7361288863804075,-0.5857419271290659,-0.3788126843672911,-0.5337907681108597
0.33654236817678246,-0.4730951086644096,-0.654785771579913,-0.3894662274439814,-0.2409875900550087,1.5962703615071467
0.33654236817678246,-0.4730951086644096,0.32133160602602034,-0.3894662274439814,-0.3788126843672911,3.300319265201552
0.44795961951925783,-0.4730951086644096,-0.654785771579913,-0.5857419271290659,-0.2409875900550087,-0.4627887304569261
-0.2576829723164196,-0.22641752518550837,-0.654785771579913,-0.5857419271290659,-0.2409875900550087,-0.4627887304569261
-0.2576829723164196,-0.22641752518550837,-0.654785771579913,-0.5857419271290659,-0.10316249574272633,-0.39178669280299255
-0.2576829723164196,-0.22641752518550837,1.6228214428339316,0.19936087161127222,-0.5166377786795735,0.0342255331206087
-0.2576829723164196,-0.22641752518550837,-0.32941331237793525,0.19936087161127222,-0.5166377786795735,1.2412601732374788
-0.2576829723164196,-0.22641752518550837,1.6228214428339316,0.19936087161127222,-0.5166377786795735,1.2412601732374788
-0.2576829723164196,-0.22641752518550837,1.6228214428339316,0.19936087161127222,-0.5166377786795735,1.2412601732374788
-0.2576829723164196,-0.22641752518550837,-0.654785771579913,-0.3894662274439814,-0.5166377786795735,0.0342255331206087
-0.5659373676972682,0.26693764177229407,0.32133160602602034,-0.5612074646684304,0.1724876928818384,-0.24978261749512548
-0.6810685274178261,3.2270686435191087,1.6228214428339316,0.9844636703516104,1.5507386360046622,0.1762296084284758
-0.6810685274178261,3.2270686435191087,1.6228214428339316,0.9844636703516104,0.44813788150640316,0.1762296084284758
-0.6810685274178261,1.253647975687899,1.6228214428339316,-0.5857419271290659,0.44813788150640316,0.1762296084284758
-0.6810685274178261,1.253647975687899,0.32133160602602034,-0.5857419271290659,0.44813788150640316,-0.1077785421872584
1.0050458762316348,-0.6960916441293363,-0.9385105560040377,-0.5857419271290659,-0.5166377786795735,-0.64029382459176
-0.023706744497221297,-0.4730951086644096,-0.8174720011809019,-0.5857419271290659,-0.5166377786795735,-0.49828974928389286
-0.35053068176848245,-0.5934737694021134,-0.49209954197892414,-0.19319052775889686,-0.5166377786795735,-0.4627887304569261
3.3076690706427927,-0.5934737694021134,-0.8581435585811492,-0.5857419271290659,-0.5166377786795735,-0.64029382459176
1.4507148816015363,-0.5303243080315146,-0.8174720011809019,-0.5857419271290659,-0.5166377786795735,-0.64029382459176
0.7079332059850337,-0.22641752518550837,-0.654785771579913,-0.5857419271290659,-0.5166377786795735,-0.64029382459176
2.5648873950262905,-0.4730951086644096,-0.8988151159813964,-0.5857419271290659,-0.5166377786795735,-0.6047928057647932
2.5648873950262905,-0.5934737694021134,-0.8988151159813964,-0.5857419271290659,-0.5166377786795735,-0.6047928057647932
2.5648873950262905,-0.4730951086644096,-0.654785771579913,-0.48760407728652366,-0.5166377786795735,-0.6047928057647932
2.5648873950262905,-0.4730951086644096,-0.654785771579913,-0.3894662274439814,-0.5166377786795735,-0.6047928057647932
0.05799923982059399,-0.22641752518550837,-0.654785771579913,-0.3894662274439814,-0.2409875900550087,-0.4627887304569261
-0.10912663719311909,-0.22641752518550837,-0.32941331237793525,-0.3894662274439814,-0.5166377786795735,-0.4627887304569261
-0.09055709530270653,-0.22641752518550837,0.32133160602602034,-0.19319052775889686,-0.5166377786795735,-0.4627887304569261
-0.10912663719311909,-0.22641752518550837,0.32133160602602034,-0.19319052775889686,-0.5166377786795735,-0.4627887304569261
0.05799923982059399,-0.4730951086644096,-0.654785771579913,-0.5366730022077948,-0.2409875900550087,-0.4627887304569261
-0.6847824357959086,-0.22641752518550837,-0.004040853175957456,-0.3894662274439814,-0.5166377786795735,-0.5337907681108597
-0.6847824357959086,-0.22641752518550837,-0.004040853175957456,-0.19319052775889686,-0.2409875900550087,-0.49828974928389286
-0.7144937028205687,0.26693764177229407,0.32133160602602034,-0.3894662274439814,0.1724876928818384,-0.24978261749512548
-0.7144937028205687,0.26693764177229407,0.32133160602602034,0.19936087161127222,0.1724876928818384,-0.24978261749512548
4.793232421875798,-0.5303243080315146,-0.8988151159813964,-0.5857419271290659,-0.6544628729918558,-0.6757948434187268
4.793232421875798,-0.5303243080315146,-0.8174720011809019,-0.5857419271290659,-0.6544628729918558,-0.6757948434187268
2.193496557218039,-0.5303243080315146,-0.8174720011809019,-0.5857419271290659,-0.6544628729918558,-0.6757948434187268
-0.5919347263438458,-0.22641752518550837,-0.654785771579913,-0.5857419271290659,-0.2409875900550087,-0.4627887304569261
-0.5919347263438458,-0.22641752518550837,-0.32941331237793525,-0.3894662274439814,-0.2409875900550087,-0.4627887304569261
-0.5919347263438458,-0.22641752518550837,-0.32941331237793525,-0.3894662274439814,-0.5166377786795735,-0.4627887304569261
-0.5919347263438458,-0.22641752518550837,0.32133160602602034,0.0030851719261876733,-0.5166377786795735,-0.4627887304569261
-0.5919347263438458,1.253647975687899,0.32133160602602034,0.5919122709814413,-0.5166377786795735,-0.320784655149059
-0.40623930743972014,-0.4730951086644096,-0.32941331237793525,0.0030851719261876733,-0.3788126843672911,-0.4627887304569261
-0.40623930743972014,-0.4730951086644096,-0.32941331237793525,0.0030851719261876733,-0.2409875900550087,-0.4627887304569261
-0.5919347263438458,-0.22641752518550837,0.32133160602602034,-0.29132837760143915,-0.2409875900550087,-0.1077785421872584
-0.5919347263438458,-0.22641752518550837,0.32133160602602034,0.0030851719261876733,0.1724876928818384,-0.1077785421872584
-0.5919347263438458,-0.22641752518550837,0.32133160602602034,0.0030851719261876733,0.1724876928818384,-0.1077785421872584
-0.22054388853559448,-0.5934737694021134,-0.654785771579913,-0.5857419271290659,0.44813788150640316,3.86833556643302
-0.35053068176848245,-0.22641752518550837,-0.32941331237793525,-0.19319052775889686,-0.5166377786795735,-0.5692917869378264
-0.35053068176848245,-0.22641752518550837,-0.654785771579913,-0.5366730022077948,-0.5166377786795735,-0.49828974928389286
-0.43595057446438024,-0.22641752518550837,-0.32941331237793525,0.19936087161127222,-0.5166377786795735,-0.4627887304569261
-0.43595057446438024,-0.22641752518550837,-0.32941331237793525,0.19936087161127222,-0.5166377786795735,-0.4627887304569261
-0.43595057446438024,-0.22641752518550837,-0.32941331237793525,-0.48760407728652366,-0.5166377786795735,-0.4627887304569261
-0.499087016891783,0.26693764177229407,0.32133160602602034,-0.19319052775889686,-0.5166377786795735,-0.4627887304569261
-0.5547956425630206,0.26693764177229407,0.32133160602602034,0.19936087161127222,-0.5166377786795735,-0.4627887304569261
-0.5919347263438458,0.26693764177229407,0.32133160602602034,0.9844636703516104,0.034662598569556044,-0.320784655149059
-0.5102287420260305,-0.22641752518550837,-0.32941331237793525,-0.19319052775889686,0.1724876928818384,-0.39178669280299255
-0.6290738101246709,1.253647975687899,0.32133160602602034,0.19936087161127222,0.44813788150640316,-0.1077785421872584
-0.6365016268808359,3.2270686435191087,1.6228214428339316,2.5546692678322866,1.5507386360046622,0.46023775904420994
-0.5993625431000108,0.26693764177229407,0.9720765244299759,0.19936087161127222,0.44813788150640316,0.1762296084284758
-0.6365016268808359,1.253647975687899,1.6228214428339316,0.9844636703516104,0.44813788150640316,0.1762296084284758
-0.6662128939054961,3.2270686435191087,1.6228214428339316,5.69508046279364,1.5507386360046622,0.1762296084284758
-0.36167240690273,-0.4730951086644096,-0.8988151159813964,-0.5857419271290659,-0.5166377786795735,-0.5337907681108597
-0.46566184148904033,-0.4730951086644096,-0.8174720011809019,-0.5857419271290659,-0.5166377786795735,-0.4627887304569261
-0.5696512760753507,-0.4730951086644096,-0.654785771579913,-0.5857419271290659,-0.5166377786795735,-0.4627887304569261
-0.5696512760753507,-0.22641752518550837,-0.49209954197892414,-0.5857419271290659,-0.5166377786795735,-0.39178669280299255
-0.5696512760753507,-0.22641752518550837,-0.32941331237793525,-0.5857419271290659,-0.5166377786795735,-0.39178669280299255
-0.5696512760753507,0.26693764177229407,-0.32941331237793525,-0.5857419271290659,-0.5166377786795735,-0.39178669280299255
-0.5696512760753507,0.26693764177229407,-0.004040853175957456,-0.5857419271290659,-0.5166377786795735,-0.39178669280299255
-0.5696512760753507,0.26693764177229407,0.32133160602602034,-0.5857419271290659,-0.5166377786795735,-0.39178669280299255
-0.6365016268808359,1.253647975687899,0.32133160602602034,0.9844636703516104,-0.10316249574272633,-0.39178669280299255
-0.6365016268808359,0.26693764177229407,0.32133160602602034,2.5546692678322866,1.5507386360046622,0.46023775904420994
-0.034848469631468836,-0.4730951086644096,-0.8174720011809019,-0.5857419271290659,-0.5166377786795735,-0.6047928057647932
-0.034848469631468836,-0.4730951086644096,-0.654785771579913,-0.5857419271290659,-0.5166377786795735,-0.5337907681108597
-0.034848469631468836,-0.22641752518550837,-0.32941331237793525,0.9844636703516104,-0.5166377786795735,-0.49828974928389286
0.15084694927265682,-0.5934737694021134,-0.654785771579913,-0.5857419271290659,-0.5166377786795735,-0.4272877116299593
0.15084694927265682,-0.5934737694021134,-0.654785771579913,-0.5857419271290659,-0.10316249574272633,-0.4272877116299593
-0.18340480475476936,-0.5934737694021134,-0.654785771579913,-0.5366730022077948,-0.5166377786795735,-0.49828974928389286
-0.18340480475476936,-0.5934737694021134,-0.8174720011809019,-0.5366730022077948,-0.2409875900550087,-0.39178669280299255
-0.18340480475476936,-0.4730951086644096,-0.654785771579913,-0.3894662274439814,-0.5166377786795735,-0.17878057984119192
-0.18340480475476936,-0.4730951086644096,-0.32941331237793525,-0.19319052775889686,-0.5166377786795735,-0.17878057984119192
-0.18340480475476936,-0.22641752518550837,-0.32941331237793525,0.19936087161127222,-0.5166377786795735,-0.2142815986681587
0.11370786549183169,-0.5934737694021134,-0.8988151159813964,-0.3894662274439814,-0.5166377786795735,-0.5692917869378264
0.11370786549183169,-0.5934737694021134,-0.8174720011809019,-0.3894662274439814,-0.5166377786795735,-0.49828974928389286
-0.3876697655493076,-0.22641752518550837,-0.654785771579913,-0.3894662274439814,-0.2409875900550087,-0.39178669280299255
-0.3876697655493076,-0.22641752518550837,-0.49209954197892414,-0.19319052775889686,0.1724876928818384,-0.1077785421872584
-0.3876697655493076,-0.22641752518550837,-0.32941331237793525,-0.19319052775889686,-0.10316249574272633,-0.17878057984119192
-0.5845069095876808,0.26693764177229407,0.32133160602602034,0.19936087161127222,-0.10316249574272633,-0.24978261749512548
-0.5176565587821955,0.26693764177229407,-0.004040853175957456,-0.3894662274439814,0.1724876928818384,-0.39178669280299255
-0.5585095509411032,0.26693764177229407,-0.004040853175957456,0.19936087161127222,0.1724876928818384,-0.24978261749512548
-0.5585095509411032,1.253647975687899,0.32133160602602034,0.9844636703516104,0.9994382587555327,0.1762296084284758
-0.6810685274178261,1.253647975687899,0.9720765244299759,0.19936087161127222,0.44813788150640316,-0.1077785421872584
-0.6810685274178261,1.253647975687899,1.6228214428339316,0.9844636703516104,0.9994382587555327,-0.1077785421872584
-0.6810685274178261,1.253647975687899,1.6228214428339316,2.5546692678322866,2.6533393905029214,0.46023775904420994
-0.3468167733903999,-0.22641752518550837,-0.32941331237793525,0.19936087161127222,0.034662598569556044,0.31823368373634286
-0.5919347263438458,-0.22641752518550837,1.6228214428339316,0.0030851719261876733,0.1724876928818384,0.24723164608240933
-0.5919347263438458,-0.22641752518550837,1.6228214428339316,0.5919122709814413,2.928989579127486,1.1702581355835453
-0.5919347263438458,-0.22641752518550837,1.6228214428339316,2.1621178684621176,6.512442031246827,3.0163111145858177
-0.5919347263438458,0.26693764177229407,1.6228214428339316,2.1621178684621176,6.512442031246827,3.0163111145858177
-0.6662128939054961,1.253647975687899,4.2258011164497535,1.7695664690919486,0.9994382587555327,5.572384470127425
-0.6662128939054961,1.253647975687899,4.2258011164497535,2.5546692678322866,0.9994382587555327,5.572384470127425
-0.10912663719311909,-0.6551431652718387,-0.654785771579913,-0.5857419271290659,-0.5166377786795735,-0.5692917869378264
-0.10912663719311909,-0.5934737694021134,-0.654785771579913,-0.5857419271290659,-0.5166377786795735,-0.5692917869378264
-0.3171055063657398,-0.4730951086644096,-0.32941331237793525,-0.5857419271290659,-0.5166377786795735,-0.39178669280299255
1.0050458762316348,-0.4730951086644096,-0.654785771579913,-0.5857419271290659,-0.6544628729918558,-0.6757948434187268
