90.59880239520957
161.5988023952096
64.59880239520957
24.598802395209574
210.5988023952096
259.5988023952096
528.5988023952095
1036.5988023952095
-69.40119760479043
-67.40119760479043
-97.40119760479043
-72.40119760479043
-76.40119760479043
12.598802395209574
-74.40119760479043
-31.401197604790426
-84.40119760479043
-74.40119760479043
-80.40119760479043
166.5988023952096
-44.401197604790426
-1.4011976047904255
100.59880239520957
-87.40119760479043
-78.40119760479043
-36.401197604790426
-81.40119760479043
-67.40119760479043
-55.401197604790426
-47.401197604790426
-35.401197604790426
-89.40119760479043
-87.40119760479043
-67.40119760479043
-45.401197604790426
-83.40119760479043
-83.40119760479043
30.598802395209574
-71.40119760479043
-81.40119760479043
-36.401197604790426
-95.40119760479043
-93.40119760479043
-87.40119760479043
-91.40119760479043
-85.40119760479043
-71.40119760479043
36.598802395209574
36.598802395209574
-90.40119760479043
-81.40119760479043
-75.40119760479043
-75.40119760479043
-45.401197604790426
-43.401197604790426
-71.40119760479043
-63.401197604790426
-57.401197604790426
-54.401197604790426
-71.40119760479043
-23.401197604790426
-91.40119760479043
-69.40119760479043
-69.40119760479043
-85.40119760479043
-78.40119760479043
-67.40119760479043
26.598802395209574
-41.401197604790426
33.598802395209574
81.59880239520957
-85.40119760479043
24.598802395209574
357.5988023952096
357.5988023952096
169.5988023952096
77.59880239520957
-101.40119760479043
-83.40119760479043
-62.401197604790426
-100.40119760479043
-91.40119760479043
-75.40119760479043
-96.40119760479043
-96.40119760479043
-89.40119760479043
-85.40119760479043
-67.40119760479043
-57.401197604790426
-31.401197604790426
-41.401197604790426
-83.40119760479043
-58.401197604790426
-41.401197604790426
-7.4011976047904255
25.598802395209574
-95.40119760479043
-89.40119760479043
-87.40119760479043
-80.40119760479043
-62.401197604790426
-51.401197604790426
-27.401197604790426
28.598802395209574
-81.40119760479043
-75.40119760479043
-62.401197604790426
-53.401197604790426
-42.401197604790426
-77.40119760479043
-57.401197604790426
-67.40119760479043
-45.401197604790426
-47.401197604790426
-57.401197604790426
-41.401197604790426
-21.401197604790426
3.5988023952095745
-2.4011976047904255
106.59880239520957
402.5988023952096
106.59880239520957
218.5988023952096
402.5988023952096
-99.40119760479043
-95.40119760479043
-90.40119760479043
-86.40119760479043
-83.40119760479043
-73.40119760479043
-65.40119760479043
-61.401197604790426
-7.4011976047904255
104.59880239520957
-82.40119760479043
-77.40119760479043
-66.40119760479043
-82.40119760479043
-57.401197604790426
-77.40119760479043
-75.40119760479043
-69.40119760479043
-47.401197604790426
1.5988023952095745
-101.40119760479043
-96.40119760479043
-85.40119760479043
-74.40119760479043
-49.401197604790426
22.598802395209574
-32.401197604790426
5.5988023952095745
80.59880239520957
65.59880239520957
140.5988023952096
297.5988023952096
-37.401197604790426
6.5988023952095745
100.59880239520957
199.5988023952096
289.5988023952096
807.5988023952095
1042.5988023952095
-89.40119760479043
-86.40119760479043
-65.40119760479043
-62.401197604790426
